#PausePlay
[0, 5, 2, 5, 2, 5, 2, 0, 2, 0],
[1, 5, 2, 5, 2, 5, 2, 0, 2, 4],
[1, 5, 2, 5, 2, 5, 2, 0, 2, 0],
[1, 0, 2, 5, 2, 0, 2, 0, 2, 4],
#MarkerA
[1, 5, 1, 5, 1, 5, 2, 5, 2, 5],
[0, 5, 1, 0, 1, 0, 2, 5, 2, 5],
[0, 5, 1, 5, 1, 0, 2, 0, 2, 0],
[0, 5, 1, 4, 1, 0, 2, 0, 2, 5],
[0, 0, 1, 0, 1, 0, 2, 0, 2, 0],
[0, 0, 1, 0, 1, 0, 1, 0, 1, 0],
[0, 0, 1, 5, 1, 0, 2, 0, 2, 5],
#MarkerB
[0, 2, 1, 2, 1, 2, 2, 5, 2, 5],
[0, 2, 1, 2, 0, 2, 2, 2, 2, 2],
[0, 2, 0, 5, 1, 2, 2, 5, 2, 5],
[0, 2, 1, 2, 1, 2, 2, 2, 2, 5],
[0, 0, 0, 5, 0, 2, 2, 5, 2, 5],
[0, 5, 1, 5, 1, 5, 2, 5, 1, 5],
[0, 5, 1, 2, 1, 2, 2, 5, 2, 2],
#Skip
[0, 2, 1, 2, 1, 2, 1, 2, 0, 2],
[0, 2, 2, 2, 1, 2, 1, 2, 0, 2],
[0, 7, 2, 4, 1, 2, 1, 2, 1, 2],
[0, 7, 2, 3, 1, 2, 2, 2, 1, 2],
[0, 7, 2, 5, 1, 2, 1, 2, 1, 2],
[0, 7, 2, 2, 1, 2, 1, 2, 1, 2],
#Loop
[0, 5, 1, 5, 1, 5, 0, 5, 0, 0],
[1, 5, 1, 5, 1, 2, 1, 5, 1, 2],
[0, 5, 1, 5, 1, 5, 1, 5, 1, 5],
[0, 0, 1, 0, 1, 5, 1, 5, 1, 5],
#Tempo up
[0, 4, 2, 3, 2, 3, 2, 3, 2, 3],
[0, 4, 2, 3, 2, 3, 2, 3, 2, 6],
#Tempo down
[0, 3, 2, 3, 2, 3, 2, 3, 0, 3],
[1, 3, 2, 3, 2, 3, 2, 3, 0, 3],
[0, 4, 2, 4, 2, 3, 2, 3, 0, 3],


#Labels
[0,0,0,0,1,1,1,1,1,1,1,2,2,2,2,2,2,2,3,3,3,3,3,3,4,4,4,4,5,5,6,6,6]

#PausePlay
[1, 4, 2, 4, 2, 4, 2, 4, 2, 0],
[1, 0, 2, 4, 2, 4, 2, 0, 2, 5],
[0, 4, 2, 4, 2, 4, 2, 0, 2, 0],
#MarkerA
[0, 0, 1, 5, 1, 5, 2, 5, 2, 0],
[0, 5, 2, 5, 1, 5, 2, 5, 2, 5],
[1, 0, 1, 0, 1, 0, 2, 0, 2, 4],
#MarkerB
[0, 3, 1, 3, 1, 3, 2, 4, 2, 3],
[0, 3, 0, 3, 0, 3, 2, 3, 2, 3],
[0, 4, 1, 3, 1, 3, 2, 0, 2, 5]
#Skip
[1, 3, 1, 3, 0, 3, 0, 3, 1, 3],
[0, 3, 1, 4, 1, 3, 1, 3, 0, 3],
[0, 3, 1, 3, 1, 3, 0, 3, 0, 3],
[0, 3, 1, 4, 1, 3, 1, 3, 1, 3],
#Loop
[0, 4, 1, 4, 0, 4, 0, 4, 0, 4],
[0, 4, 1, 4, 0, 0, 0, 0, 0, 0],
[0, 4, 1, 4, 0, 4, 0, 4, 0, 0]
[0, 4, 1, 4, 1, 0, 1, 4, 1, 0]

#Tempo up
[0, 5, 2, 5, 2, 2, 2, 2, 2, 2],
[0, 5, 2, 5, 2, 5, 2, 5, 2, 2],
[0, 5, 2, 2, 2, 2, 2, 2, 2, 2]
#Tempo down
[1, 5, 2, 5, 2, 5, 2, 2, 0, 2],
[0, 2, 2, 5, 2, 2, 2, 2, 0, 2],
[0, 5, 2, 5, 2, 5, 2, 2, 0, 2]

#Labels
[0,0,0,1,1,1,1,1,1,1,2,2,2,2,2,2,2,3,3,3,3,3,3,4,4,4,4,5,5,6,6,6]


